0, 0.138000 
1, 0.148000 
2, 0.154000 
3, 0.165000 
4, 0.155000 
5, 0.156000 
6, 0.155000 
7, 0.156000 
8, 0.154000 
9, 0.162000 
 ============== 
speakers number: 2 
0; 0.142000 
1; 0.155000 
2; 0.155000 
3; 0.154000 
4; 0.155000 
5; 0.155000 
6; 0.161000 
7; 0.155000 
8; 0.155000 
9; 0.155000 
speakers number: 4 
0; 0.280000 
1; 0.315000 
2; 0.306000 
3; 0.308000 
4; 0.312000 
5; 0.307000 
6; 0.308000 
7; 0.312000 
8; 0.308000 
9; 0.306000 
speakers number: 6 
0; 0.428000 
1; 0.462000 
2; 0.467000 
3; 0.462000 
4; 0.460000 
5; 0.466000 
6; 0.462000 
7; 0.466000 
8; 0.461000 
9; 0.465000 
speakers number: 8 
0; 0.555000 
1; 0.618000 
2; 0.616000 
3; 0.611000 
4; 0.616000 
5; 0.611000 
6; 0.616000 
7; 0.620000 
8; 0.612000 
9; 0.617000 
speakers number: 10 
0; 0.702000 
1; 0.763000 
2; 0.770000 
3; 0.768000 
4; 0.767000 
5; 0.764000 
6; 0.769000 
7; 0.768000 
8; 0.769000 
9; 0.767000 
speakers number: 12 
0; 0.840000 
1; 0.969000 
2; 0.924000 
3; 0.921000 
4; 0.921000 
5; 0.920000 
6; 0.920000 
7; 0.921000 
8; 0.921000 
9; 0.920000 
speakers number: 14 
0; 1.022000 
1; 1.076000 
2; 1.073000 
3; 1.073000 
4; 1.072000 
5; 1.073000 
6; 1.110000 
7; 1.076000 
8; 1.074000 
9; 1.078000 
speakers number: 16 
0; 1.126000 
1; 1.300000 
2; 1.225000 
3; 1.226000 
4; 1.230000 
5; 1.227000 
6; 1.226000 
7; 1.226000 
8; 1.232000 
9; 1.225000 
speakers number: 18 
0; 1.257000 
1; 1.379000 
2; 1.381000 
3; 1.380000 
4; 1.380000 
5; 1.385000 
6; 1.381000 
7; 1.410000 
8; 1.410000 
9; 1.415000 
speakers number: 20 
0; 1.402000 
1; 1.536000 
2; 1.531000 
3; 1.536000 
4; 1.530000 
5; 1.535000 
6; 1.530000 
7; 1.535000 
8; 1.530000 
9; 1.534000 
speakers number: 22 
0; 1.540000 
1; 1.688000 
2; 1.751000 
3; 1.709000 
4; 1.685000 
5; 1.689000 
6; 1.687000 
7; 1.682000 
8; 1.687000 
9; 1.686000 
speakers number: 24 
0; 1.712000 
1; 1.879000 
2; 1.848000 
3; 1.848000 
4; 1.863000 
5; 1.843000 
6; 1.848000 
7; 1.843000 
8; 1.844000 
9; 1.843000 
speakers number: 26 
0; 1.835000 
1; 1.992000 
2; 1.992000 
3; 1.993000 
4; 1.991000 
5; 1.992000 
6; 1.992000 
7; 1.995000 
8; 1.990000 
9; 2.023000 
speakers number: 28 
0; 1.974000 
1; 2.148000 
2; 2.146000 
3; 2.145000 
4; 2.148000 
5; 2.145000 
6; 2.146000 
7; 2.146000 
8; 2.145000 
9; 2.144000 
speakers number: 30 
0; 2.117000 
1; 2.336000 
2; 2.304000 
3; 2.303000 
4; 2.303000 
5; 2.333000 
6; 2.302000 
7; 2.308000 
8; 2.299000 
9; 2.298000 
speakers number: 32 
0; 2.255000 
1; 2.448000 
2; 2.449000 
3; 2.452000 
4; 2.450000 
5; 2.453000 
6; 2.473000 
7; 2.451000 
8; 2.449000 
9; 2.453000 
speakers number: 34 
0; 2.422000 
1; 2.607000 
2; 2.604000 
3; 2.604000 
4; 2.605000 
5; 2.622000 
6; 2.604000 
7; 2.656000 
8; 2.607000 
9; 2.607000 
speakers number: 36 
0; 2.525000 
1; 2.785000 
2; 2.756000 
3; 2.791000 
4; 2.753000 
5; 2.756000 
6; 2.757000 
7; 2.758000 
8; 2.784000 
9; 2.782000 
speakers number: 38 
0; 2.698000 
1; 2.911000 
2; 2.911000 
3; 2.911000 
4; 2.910000 
5; 2.932000 
6; 2.911000 
7; 2.910000 
8; 2.909000 
9; 2.950000 
speakers number: 40 
0; 2.868000 
1; 3.089000 
2; 3.064000 
3; 3.062000 
4; 3.062000 
5; 3.062000 
6; 3.065000 
7; 3.094000 
8; 3.062000 
9; 3.076000 
speakers number: 42 
0; 2.966000 
1; 3.216000 
2; 3.214000 
3; 3.214000 
4; 3.247000 
5; 3.215000 
6; 3.213000 
7; 3.214000 
8; 3.247000 
9; 3.240000 
speakers number: 44 
0; 3.095000 
1; 3.370000 
2; 3.371000 
3; 3.370000 
4; 3.368000 
5; 3.370000 
6; 3.367000 
7; 3.468000 
8; 3.369000 
9; 3.399000 
speakers number: 46 
0; 3.237000 
1; 3.519000 
2; 3.526000 
3; 3.519000 
4; 3.522000 
5; 3.518000 
6; 3.523000 
7; 3.541000 
8; 3.524000 
9; 3.574000 
speakers number: 48 
0; 3.377000 
1; 3.678000 
2; 3.672000 
3; 3.677000 
4; 3.726000 
5; 3.765000 
6; 3.768000 
7; 3.703000 
8; 3.710000 
9; 3.669000 
speakers number: 50 
0; 3.524000 
1; 3.830000 
2; 3.828000 
3; 3.846000 
4; 3.903000 
5; 3.828000 
6; 3.830000 
7; 3.827000 
8; 3.889000 
9; 3.829000 
speakers number: 52 
0; 3.658000 
1; 3.982000 
2; 3.979000 
3; 3.981000 
4; 3.983000 
5; 3.979000 
6; 4.002000 
7; 4.029000 
8; 3.980000 
9; 3.981000 
speakers number: 54 
0; 4.124000 
1; 4.136000 
2; 4.158000 
3; 4.131000 
4; 4.133000 
5; 4.161000 
6; 4.148000 
7; 4.134000 
8; 4.133000 
9; 4.161000 
speakers number: 56 
0; 3.949000 
1; 4.348000 
2; 4.291000 
3; 4.319000 
4; 4.284000 
5; 4.332000 
6; 4.287000 
7; 4.284000 
8; 4.287000 
9; 4.288000 
speakers number: 58 
0; 4.083000 
1; 4.438000 
2; 4.477000 
3; 4.437000 
4; 4.474000 
5; 4.441000 
6; 4.438000 
7; 4.438000 
8; 4.436000 
9; 4.465000 
speakers number: 60 
0; 4.226000 
1; 4.621000 
2; 4.590000 
3; 4.593000 
4; 4.592000 
5; 4.839000 
6; 4.598000 
7; 4.632000 
8; 4.590000 
9; 4.613000 
speakers number: 62 
0; 4.362000 
1; 4.747000 
2; 4.746000 
3; 4.779000 
4; 4.742000 
5; 4.779000 
6; 4.742000 
7; 4.767000 
8; 4.739000 
9; 4.803000 
speakers number: 64 
0; 4.539000 
1; 4.899000 
2; 4.933000 
3; 4.900000 
4; 4.895000 
5; 4.897000 
6; 4.925000 
7; 4.900000 
8; 4.895000 
9; 4.923000 
speakers number: 66 
0; 4.713000 
1; 5.055000 
2; 5.051000 
3; 5.052000 
4; 5.050000 
5; 5.050000 
6; 5.087000 
7; 5.052000 
8; 5.311000 
9; 5.085000 
speakers number: 68 
0; 4.810000 
1; 5.214000 
2; 5.209000 
3; 5.347000 
4; 5.273000 
5; 5.207000 
6; 5.271000 
7; 5.211000 
8; 5.208000 
9; 5.204000 
speakers number: 70 
0; 4.978000 
1; 5.358000 
2; 5.357000 
3; 5.353000 
4; 5.374000 
5; 5.358000 
6; 5.378000 
7; 5.355000 
8; 5.358000 
9; 5.354000 
speakers number: 72 
0; 5.057000 
1; 5.514000 
2; 5.536000 
3; 5.545000 
4; 5.547000 
5; 5.534000 
6; 5.505000 
7; 5.538000 
8; 5.541000 
9; 5.537000 
speakers number: 74 
0; 5.195000 
1; 5.667000 
2; 5.665000 
3; 5.687000 
4; 5.662000 
5; 5.693000 
6; 5.664000 
7; 5.664000 
8; 5.660000 
9; 5.658000 
speakers number: 76 
0; 5.345000 
1; 5.818000 
2; 5.871000 
3; 5.815000 
4; 5.872000 
5; 5.814000 
6; 5.816000 
7; 5.816000 
8; 5.841000 
9; 5.811000 
speakers number: 78 
0; 5.477000 
1; 5.971000 
2; 5.968000 
3; 5.969000 
4; 6.023000 
5; 5.996000 
6; 5.968000 
7; 5.968000 
8; 5.965000 
9; 5.967000 
speakers number: 80 
0; 5.642000 
1; 6.155000 
2; 6.123000 
3; 6.131000 
4; 6.168000 
5; 6.174000 
6; 6.125000 
7; 6.155000 
8; 6.120000 
9; 6.121000 
speakers number: 82 
0; 5.771000 
1; 6.314000 
2; 6.273000 
3; 6.277000 
4; 6.271000 
5; 6.373000 
6; 6.277000 
7; 6.299000 
8; 6.294000 
9; 6.277000 
speakers number: 84 
0; 5.903000 
1; 6.432000 
2; 6.505000 
3; 6.458000 
4; 6.425000 
5; 6.453000 
6; 6.426000 
7; 6.462000 
8; 6.454000 
9; 6.430000 
speakers number: 86 
0; 6.051000 
1; 6.583000 
2; 6.584000 
3; 6.621000 
4; 6.610000 
5; 6.607000 
6; 6.636000 
7; 6.582000 
8; 6.609000 
9; 6.575000 
speakers number: 88 
0; 6.199000 
1; 6.737000 
2; 6.779000 
3; 6.737000 
4; 6.808000 
5; 6.731000 
6; 6.734000 
7; 6.732000 
8; 6.785000 
9; 6.782000 
speakers number: 90 
0; 6.359000 
1; 6.901000 
2; 6.926000 
3; 6.962000 
4; 6.928000 
5; 6.893000 
6; 6.895000 
7; 6.897000 
8; 6.892000 
9; 6.916000 
speakers number: 92 
0; 6.503000 
1; 7.044000 
2; 7.128000 
3; 7.042000 
4; 7.076000 
5; 7.040000 
6; 7.037000 
7; 7.039000 
8; 7.289000 
9; 7.070000 
speakers number: 94 
0; 6.655000 
1; 7.241000 
2; 7.213000 
3; 7.244000 
4; 7.228000 
5; 7.564000 
6; 7.211000 
7; 7.195000 
8; 7.213000 
9; 7.272000 
speakers number: 96 
0; 6.800000 
1; 7.351000 
2; 7.402000 
3; 7.346000 
4; 7.462000 
5; 7.363000 
6; 7.345000 
7; 7.364000 
8; 7.369000 
9; 7.750000 
speakers number: 98 
0; 7.812000 
1; 7.665000 
2; 7.514000 
3; 7.526000 
4; 7.502000 
5; 7.498000 
6; 7.500000 
7; 7.629000 
8; 7.557000 
9; 7.536000 
speakers number: 100 
0; 7.786000 
1; 7.884000 
2; 7.682000 
3; 7.656000 
4; 7.655000 
5; 7.736000 
6; 7.654000 
7; 7.659000 
8; 7.652000 
9; 7.719000 
