0, 0.139000 
1, 0.158000 
2, 0.154000 
3, 0.156000 
4, 0.155000 
5, 0.156000 
6, 0.153000 
7, 0.163000 
8, 0.155000 
9, 0.156000 
 ============== 
speakers number: 2 
0; 0.300000 
1; 0.315000 
2; 0.310000 
3; 0.309000 
4; 0.310000 
5; 0.314000 
6; 0.310000 
7; 0.309000 
8; 0.315000 
9; 0.309000 
speakers number: 4 
0; 0.606000 
1; 0.614000 
2; 0.619000 
3; 0.713000 
4; 0.614000 
5; 0.640000 
6; 0.614000 
7; 0.629000 
8; 0.620000 
9; 0.613000 
speakers number: 6 
0; 0.905000 
1; 0.925000 
2; 0.926000 
3; 0.924000 
4; 0.928000 
5; 0.925000 
6; 0.961000 
7; 0.929000 
8; 0.927000 
9; 0.925000 
speakers number: 8 
0; 1.206000 
1; 1.227000 
2; 1.228000 
3; 1.232000 
4; 1.227000 
5; 1.226000 
6; 1.227000 
7; 1.227000 
8; 1.278000 
9; 1.225000 
speakers number: 10 
0; 1.496000 
1; 1.537000 
2; 1.536000 
3; 1.531000 
4; 1.534000 
5; 1.532000 
6; 1.535000 
7; 1.531000 
8; 1.537000 
9; 1.531000 
speakers number: 12 
0; 1.798000 
1; 1.839000 
2; 1.840000 
3; 1.842000 
4; 1.866000 
5; 1.836000 
6; 1.838000 
7; 1.841000 
8; 1.839000 
9; 1.871000 
speakers number: 14 
0; 2.101000 
1; 2.164000 
2; 2.142000 
3; 2.145000 
4; 2.146000 
5; 2.149000 
6; 2.175000 
7; 2.144000 
8; 2.144000 
9; 2.145000 
speakers number: 16 
0; 2.415000 
1; 2.450000 
2; 2.454000 
3; 2.449000 
4; 2.446000 
5; 2.487000 
6; 2.449000 
7; 2.453000 
8; 2.448000 
9; 2.490000 
speakers number: 18 
0; 2.700000 
1; 2.754000 
2; 2.757000 
3; 2.757000 
4; 2.777000 
5; 2.754000 
6; 2.759000 
7; 2.758000 
8; 2.793000 
9; 2.773000 
speakers number: 20 
0; 3.100000 
1; 3.065000 
2; 3.068000 
3; 3.064000 
4; 3.069000 
5; 3.066000 
6; 3.065000 
7; 3.086000 
8; 3.068000 
9; 3.066000 
speakers number: 22 
0; 3.346000 
1; 3.374000 
2; 3.370000 
3; 3.376000 
4; 3.370000 
5; 3.372000 
6; 3.399000 
7; 3.385000 
8; 3.375000 
9; 3.371000 
speakers number: 24 
0; 3.667000 
1; 3.677000 
2; 3.681000 
3; 3.677000 
4; 3.676000 
5; 3.676000 
6; 3.699000 
7; 3.674000 
8; 3.682000 
9; 3.679000 
speakers number: 26 
0; 3.928000 
1; 3.983000 
2; 3.982000 
3; 3.983000 
4; 3.982000 
5; 4.002000 
6; 4.007000 
7; 3.984000 
8; 4.013000 
9; 3.983000 
speakers number: 28 
0; 4.199000 
1; 4.284000 
2; 4.291000 
3; 4.286000 
4; 4.286000 
5; 4.282000 
6; 4.291000 
7; 4.318000 
8; 4.288000 
9; 4.320000 
speakers number: 30 
0; 4.536000 
1; 4.633000 
2; 4.641000 
3; 4.603000 
4; 4.634000 
5; 4.598000 
6; 4.890000 
7; 4.604000 
8; 4.596000 
9; 4.602000 
speakers number: 32 
0; 4.812000 
1; 4.901000 
2; 4.940000 
3; 4.898000 
4; 4.926000 
5; 4.894000 
6; 4.896000 
7; 4.898000 
8; 4.897000 
9; 4.926000 
speakers number: 34 
0; 5.109000 
1; 5.206000 
2; 5.208000 
3; 5.207000 
4; 5.203000 
5; 5.207000 
6; 5.542000 
7; 5.208000 
8; 5.226000 
9; 5.205000 
speakers number: 36 
0; 5.398000 
1; 5.505000 
2; 5.552000 
3; 5.536000 
4; 5.510000 
5; 5.512000 
6; 5.507000 
7; 5.548000 
8; 5.535000 
9; 5.537000 
speakers number: 38 
0; 5.704000 
1; 5.819000 
2; 5.816000 
3; 5.815000 
4; 5.816000 
5; 5.854000 
6; 5.851000 
7; 5.816000 
8; 5.818000 
9; 5.872000 
speakers number: 40 
0; 6.021000 
1; 6.158000 
2; 6.159000 
3; 6.139000 
4; 6.148000 
5; 6.119000 
6; 6.146000 
7; 6.120000 
8; 6.122000 
9; 6.213000 
speakers number: 42 
0; 6.304000 
1; 6.431000 
2; 6.468000 
3; 6.530000 
4; 6.430000 
5; 6.444000 
6; 6.424000 
7; 6.430000 
8; 6.483000 
9; 6.457000 
speakers number: 44 
0; 6.600000 
1; 6.733000 
2; 6.730000 
3; 6.774000 
4; 6.725000 
5; 6.735000 
6; 6.783000 
7; 6.768000 
8; 6.786000 
9; 6.733000 
speakers number: 46 
0; 6.929000 
1; 7.041000 
2; 7.039000 
3; 7.091000 
4; 7.040000 
5; 7.042000 
6; 7.036000 
7; 7.072000 
8; 7.084000 
9; 7.049000 
speakers number: 48 
0; 7.206000 
1; 7.367000 
2; 7.345000 
3; 7.415000 
4; 7.370000 
5; 7.417000 
6; 7.375000 
7; 7.359000 
8; 7.435000 
9; 7.476000 
speakers number: 50 
0; 7.536000 
1; 7.682000 
2; 7.688000 
3; 8.016000 
4; 7.676000 
5; 7.654000 
6; 7.653000 
7; 7.681000 
8; 7.649000 
9; 7.687000 
speakers number: 52 
0; 7.805000 
1; 8.002000 
2; 7.990000 
3; 7.956000 
4; 7.958000 
5; 7.950000 
6; 8.050000 
7; 7.985000 
8; 7.973000 
9; 7.977000 
speakers number: 54 
0; 8.207000 
1; 8.284000 
2; 8.260000 
3; 8.262000 
4; 8.293000 
5; 8.261000 
6; 8.263000 
7; 8.363000 
8; 8.260000 
9; 8.294000 
speakers number: 56 
0; 8.421000 
1; 8.568000 
2; 8.570000 
3; 8.611000 
4; 8.596000 
5; 8.566000 
6; 8.565000 
7; 8.597000 
8; 8.569000 
9; 8.564000 
speakers number: 58 
0; 8.748000 
1; 8.956000 
2; 8.919000 
3; 8.880000 
4; 8.884000 
5; 8.912000 
6; 8.880000 
7; 8.880000 
8; 8.909000 
9; 8.928000 
speakers number: 60 
0; 9.001000 
1; 9.543000 
2; 9.183000 
3; 9.221000 
4; 9.183000 
5; 9.207000 
6; 9.213000 
7; 9.179000 
8; 9.261000 
9; 9.198000 
speakers number: 62 
0; 9.340000 
1; 9.483000 
2; 9.610000 
3; 9.504000 
4; 9.515000 
5; 9.483000 
6; 9.509000 
7; 9.484000 
8; 9.510000 
9; 9.505000 
speakers number: 64 
0; 9.601000 
1; 9.840000 
2; 9.791000 
3; 9.796000 
4; 9.788000 
5; 9.869000 
6; 9.790000 
7; 9.831000 
8; 9.821000 
9; 9.793000 
speakers number: 66 
0; 10.452000 
1; 10.152000 
2; 10.143000 
3; 10.111000 
4; 10.096000 
5; 10.159000 
6; 10.097000 
7; 10.106000 
8; 10.119000 
9; 10.135000 
speakers number: 68 
0; 10.317000 
1; 10.405000 
2; 10.443000 
3; 10.449000 
4; 10.428000 
5; 10.404000 
6; 10.429000 
7; 10.405000 
8; 10.396000 
9; 10.842000 
speakers number: 70 
0; 11.518000 
1; 10.728000 
2; 10.979000 
3; 10.726000 
4; 10.711000 
5; 11.872000 
6; 10.723000 
7; 10.775000 
8; 10.718000 
9; 10.765000 
speakers number: 72 
0; 11.801000 
1; 11.202000 
2; 11.023000 
3; 11.041000 
4; 11.015000 
5; 11.024000 
6; 11.071000 
7; 11.027000 
8; 11.025000 
9; 11.019000 
speakers number: 74 
0; 12.192000 
1; 11.477000 
2; 11.455000 
3; 11.345000 
4; 11.324000 
5; 11.449000 
6; 11.617000 
7; 11.923000 
8; 11.332000 
9; 11.327000 
speakers number: 76 
0; 12.627000 
1; 11.644000 
2; 11.637000 
3; 11.731000 
4; 11.636000 
5; 11.634000 
6; 11.641000 
7; 11.743000 
8; 11.927000 
9; 11.630000 
speakers number: 78 
0; 12.758000 
1; 11.956000 
2; 12.104000 
3; 12.109000 
4; 11.943000 
5; 13.034000 
6; 12.124000 
7; 12.002000 
8; 12.009000 
9; 11.951000 
speakers number: 80 
0; 13.455000 
1; 12.261000 
2; 12.255000 
3; 12.489000 
4; 12.248000 
5; 12.253000 
6; 12.248000 
7; 12.261000 
8; 12.303000 
9; 12.254000 
speakers number: 82 
0; 13.552000 
1; 12.599000 
2; 12.872000 
3; 12.710000 
4; 12.587000 
5; 12.605000 
6; 12.581000 
7; 12.567000 
8; 12.640000 
9; 12.606000 
speakers number: 84 
0; 13.963000 
1; 12.979000 
2; 12.873000 
3; 12.990000 
4; 12.868000 
5; 12.969000 
6; 12.871000 
7; 13.009000 
8; 12.921000 
9; 12.845000 
speakers number: 86 
0; 14.117000 
1; 13.184000 
2; 13.311000 
3; 13.266000 
4; 13.177000 
5; 13.154000 
6; 13.175000 
7; 13.220000 
8; 13.220000 
9; 13.161000 
speakers number: 88 
0; 14.603000 
1; 13.498000 
2; 13.708000 
3; 13.490000 
4; 13.482000 
5; 13.483000 
6; 13.775000 
7; 13.495000 
8; 13.486000 
9; 13.537000 
speakers number: 90 
0; 14.973000 
1; 13.939000 
2; 13.893000 
3; 13.980000 
4; 13.777000 
5; 14.056000 
6; 13.833000 
7; 13.813000 
8; 13.931000 
9; 13.781000 
speakers number: 92 
0; 15.290000 
1; 14.092000 
2; 14.092000 
3; 14.092000 
4; 14.245000 
5; 14.095000 
6; 14.241000 
7; 14.088000 
8; 14.083000 
9; 14.158000 
speakers number: 94 
0; 16.750000 
1; 14.542000 
2; 14.402000 
3; 15.104000 
4; 14.404000 
5; 14.378000 
6; 14.387000 
7; 14.544000 
8; 14.388000 
9; 14.381000 
speakers number: 96 
0; 15.774000 
1; 14.899000 
2; 14.698000 
3; 14.703000 
4; 14.766000 
5; 14.884000 
6; 14.705000 
7; 14.788000 
8; 14.742000 
9; 14.800000 
speakers number: 98 
0; 16.513000 
1; 15.021000 
2; 15.043000 
3; 15.075000 
4; 15.155000 
5; 15.319000 
6; 15.083000 
7; 15.109000 
8; 15.270000 
9; 15.193000 
speakers number: 100 
0; 16.568000 
1; 15.330000 
2; 15.475000 
3; 15.309000 
4; 15.383000 
5; 15.538000 
6; 15.371000 
7; 15.304000 
8; 15.304000 
9; 15.357000 
