0, 0.139000 
1, 0.148000 
2, 0.154000 
3, 0.156000 
4, 0.154000 
5, 0.165000 
6, 0.155000 
7, 0.156000 
8, 0.154000 
9, 0.157000 
 ============== 
speakers number: 2 
0; 0.067000 
1; 0.073000 
2; 0.077000 
3; 0.084000 
4; 0.078000 
5; 0.079000 
6; 0.078000 
7; 0.077000 
8; 0.078000 
9; 0.078000 
speakers number: 4 
0; 0.132000 
1; 0.144000 
2; 0.153000 
3; 0.160000 
4; 0.155000 
5; 0.154000 
6; 0.154000 
7; 0.155000 
8; 0.154000 
9; 0.158000 
speakers number: 6 
0; 0.197000 
1; 0.215000 
2; 0.232000 
3; 0.231000 
4; 0.235000 
5; 0.232000 
6; 0.230000 
7; 0.233000 
8; 0.235000 
9; 0.232000 
speakers number: 8 
0; 0.260000 
1; 0.288000 
2; 0.312000 
3; 0.306000 
4; 0.307000 
5; 0.311000 
6; 0.308000 
7; 0.306000 
8; 0.312000 
9; 0.308000 
speakers number: 10 
0; 0.328000 
1; 0.364000 
2; 0.384000 
3; 0.383000 
4; 0.387000 
5; 0.383000 
6; 0.384000 
7; 0.388000 
8; 0.382000 
9; 0.387000 
speakers number: 12 
0; 0.391000 
1; 0.499000 
2; 0.460000 
3; 0.459000 
4; 0.465000 
5; 0.460000 
6; 0.464000 
7; 0.459000 
8; 0.464000 
9; 0.460000 
speakers number: 14 
0; 0.467000 
1; 0.501000 
2; 0.540000 
3; 0.536000 
4; 0.540000 
5; 0.537000 
6; 0.540000 
7; 0.535000 
8; 0.540000 
9; 0.540000 
speakers number: 16 
0; 0.527000 
1; 0.578000 
2; 0.613000 
3; 0.617000 
4; 0.616000 
5; 0.613000 
6; 0.617000 
7; 0.613000 
8; 0.618000 
9; 0.617000 
speakers number: 18 
0; 0.639000 
1; 0.651000 
2; 0.694000 
3; 0.690000 
4; 0.692000 
5; 0.694000 
6; 0.689000 
7; 0.693000 
8; 0.693000 
9; 0.690000 
speakers number: 20 
0; 0.654000 
1; 0.720000 
2; 0.771000 
3; 0.765000 
4; 0.770000 
5; 0.768000 
6; 0.769000 
7; 0.769000 
8; 0.765000 
9; 0.771000 
speakers number: 22 
0; 0.727000 
1; 0.790000 
2; 0.841000 
3; 0.845000 
4; 0.845000 
5; 0.844000 
6; 0.846000 
7; 0.844000 
8; 0.846000 
9; 0.841000 
speakers number: 24 
0; 0.789000 
1; 0.860000 
2; 0.922000 
3; 0.922000 
4; 0.922000 
5; 0.921000 
6; 0.923000 
7; 0.923000 
8; 0.921000 
9; 0.919000 
speakers number: 26 
0; 0.857000 
1; 0.959000 
2; 1.000000 
3; 1.026000 
4; 1.001000 
5; 1.043000 
6; 1.002000 
7; 1.000000 
8; 0.999000 
9; 1.000000 
speakers number: 28 
0; 0.919000 
1; 1.005000 
2; 1.075000 
3; 1.075000 
4; 1.078000 
5; 1.075000 
6; 1.076000 
7; 1.075000 
8; 1.075000 
9; 1.076000 
speakers number: 30 
0; 0.985000 
1; 1.077000 
2; 1.151000 
3; 1.153000 
4; 1.154000 
5; 1.152000 
6; 1.152000 
7; 1.152000 
8; 1.151000 
9; 1.152000 
speakers number: 32 
0; 1.054000 
1; 1.150000 
2; 1.228000 
3; 1.227000 
4; 1.228000 
5; 1.257000 
6; 1.234000 
7; 1.226000 
8; 1.227000 
9; 1.228000 
speakers number: 34 
0; 1.132000 
1; 1.217000 
2; 1.304000 
3; 1.304000 
4; 1.307000 
5; 1.304000 
6; 1.304000 
7; 1.311000 
8; 1.304000 
9; 1.305000 
speakers number: 36 
0; 1.193000 
1; 1.293000 
2; 1.381000 
3; 1.383000 
4; 1.380000 
5; 1.405000 
6; 1.387000 
7; 1.381000 
8; 1.380000 
9; 1.385000 
speakers number: 38 
0; 1.263000 
1; 1.365000 
2; 1.489000 
3; 1.461000 
4; 1.459000 
5; 1.458000 
6; 1.461000 
7; 1.457000 
8; 1.462000 
9; 1.457000 
speakers number: 40 
0; 1.332000 
1; 1.432000 
2; 1.536000 
3; 1.532000 
4; 1.537000 
5; 1.534000 
6; 1.537000 
7; 1.533000 
8; 1.538000 
9; 1.534000 
speakers number: 42 
0; 1.396000 
1; 1.504000 
2; 1.614000 
3; 1.613000 
4; 1.610000 
5; 1.642000 
6; 1.610000 
7; 1.614000 
8; 1.614000 
9; 1.609000 
speakers number: 44 
0; 1.456000 
1; 1.575000 
2; 1.688000 
3; 1.690000 
4; 1.685000 
5; 1.690000 
6; 1.715000 
7; 1.689000 
8; 1.685000 
9; 1.690000 
speakers number: 46 
0; 1.530000 
1; 1.646000 
2; 1.773000 
3; 1.853000 
4; 1.842000 
5; 1.864000 
6; 1.794000 
7; 1.769000 
8; 1.795000 
9; 1.768000 
speakers number: 48 
0; 1.587000 
1; 1.723000 
2; 1.842000 
3; 1.846000 
4; 1.842000 
5; 1.840000 
6; 1.841000 
7; 1.844000 
8; 1.842000 
9; 1.844000 
speakers number: 50 
0; 1.652000 
1; 1.798000 
2; 1.919000 
3; 1.923000 
4; 1.920000 
5; 1.970000 
6; 1.922000 
7; 1.925000 
8; 1.919000 
9; 1.922000 
speakers number: 52 
0; 1.721000 
1; 1.887000 
2; 1.996000 
3; 1.995000 
4; 1.994000 
5; 2.018000 
6; 1.997000 
7; 1.995000 
8; 1.995000 
9; 2.015000 
speakers number: 54 
0; 1.790000 
1; 1.940000 
2; 2.091000 
3; 2.110000 
4; 2.073000 
5; 2.071000 
6; 2.070000 
7; 2.072000 
8; 2.071000 
9; 2.071000 
speakers number: 56 
0; 1.855000 
1; 2.007000 
2; 2.147000 
3; 2.149000 
4; 2.149000 
5; 2.153000 
6; 2.147000 
7; 2.148000 
8; 2.148000 
9; 2.180000 
speakers number: 58 
0; 1.954000 
1; 2.107000 
2; 2.229000 
3; 2.228000 
4; 2.223000 
5; 2.243000 
6; 2.227000 
7; 2.243000 
8; 2.248000 
9; 2.230000 
speakers number: 60 
0; 1.988000 
1; 2.149000 
2; 2.322000 
3; 2.301000 
4; 2.301000 
5; 2.304000 
6; 2.331000 
7; 2.301000 
8; 2.304000 
9; 2.301000 
speakers number: 62 
0; 2.054000 
1; 2.221000 
2; 2.382000 
3; 2.377000 
4; 2.377000 
5; 2.381000 
6; 2.375000 
7; 2.380000 
8; 2.399000 
9; 2.378000 
speakers number: 64 
0; 2.119000 
1; 2.325000 
2; 2.453000 
3; 2.458000 
4; 2.453000 
5; 2.459000 
6; 2.454000 
7; 2.459000 
8; 2.455000 
9; 2.458000 
speakers number: 66 
0; 2.189000 
1; 2.368000 
2; 2.536000 
3; 2.532000 
4; 2.534000 
5; 2.631000 
6; 2.541000 
7; 2.541000 
8; 2.536000 
9; 2.538000 
speakers number: 68 
0; 2.249000 
1; 2.434000 
2; 2.610000 
3; 2.612000 
4; 2.633000 
5; 2.611000 
6; 2.605000 
7; 2.610000 
8; 2.650000 
9; 2.659000 
speakers number: 70 
0; 2.327000 
1; 2.507000 
2; 2.687000 
3; 2.687000 
4; 2.680000 
5; 2.688000 
6; 2.708000 
7; 2.699000 
8; 2.709000 
9; 2.687000 
speakers number: 72 
0; 2.388000 
1; 2.584000 
2; 2.792000 
3; 2.765000 
4; 2.759000 
5; 2.764000 
6; 2.825000 
7; 2.790000 
8; 2.759000 
9; 2.762000 
speakers number: 74 
0; 2.455000 
1; 2.650000 
2; 2.838000 
3; 2.840000 
4; 2.842000 
5; 2.894000 
6; 2.840000 
7; 2.838000 
8; 2.836000 
9; 2.839000 
speakers number: 76 
0; 2.520000 
1; 2.726000 
2; 2.911000 
3; 2.936000 
4; 2.928000 
5; 2.915000 
6; 2.915000 
7; 2.946000 
8; 2.916000 
9; 2.939000 
speakers number: 78 
0; 2.638000 
1; 2.797000 
2; 2.992000 
3; 2.991000 
4; 2.991000 
5; 2.992000 
6; 3.002000 
7; 2.993000 
8; 2.991000 
9; 3.022000 
speakers number: 80 
0; 2.647000 
1; 2.869000 
2; 3.091000 
3; 3.068000 
4; 3.084000 
5; 3.073000 
6; 3.067000 
7; 3.070000 
8; 3.070000 
9; 3.069000 
speakers number: 82 
0; 2.746000 
1; 2.975000 
2; 3.164000 
3; 3.146000 
4; 3.183000 
5; 3.169000 
6; 3.146000 
7; 3.168000 
8; 3.144000 
9; 3.146000 
speakers number: 84 
0; 2.786000 
1; 3.016000 
2; 3.253000 
3; 3.223000 
4; 3.276000 
5; 3.249000 
6; 3.220000 
7; 3.226000 
8; 3.225000 
9; 3.222000 
speakers number: 86 
0; 3.296000 
1; 3.345000 
2; 3.298000 
3; 3.339000 
4; 3.325000 
5; 3.298000 
6; 3.297000 
7; 3.506000 
8; 3.313000 
9; 3.303000 
speakers number: 88 
0; 2.926000 
1; 3.160000 
2; 3.377000 
3; 3.408000 
4; 3.380000 
5; 3.381000 
6; 3.376000 
7; 3.387000 
8; 3.379000 
9; 3.419000 
speakers number: 90 
0; 3.005000 
1; 3.227000 
2; 3.455000 
3; 3.452000 
4; 3.481000 
5; 3.477000 
6; 3.449000 
7; 3.457000 
8; 3.450000 
9; 3.457000 
speakers number: 92 
0; 3.042000 
1; 3.346000 
2; 3.531000 
3; 3.530000 
4; 3.562000 
5; 3.529000 
6; 3.581000 
7; 3.568000 
8; 3.527000 
9; 3.533000 
speakers number: 94 
0; 3.114000 
1; 3.394000 
2; 3.608000 
3; 3.609000 
4; 3.637000 
5; 3.637000 
6; 3.603000 
7; 3.610000 
8; 3.606000 
9; 3.602000 
speakers number: 96 
0; 3.179000 
1; 3.438000 
2; 3.704000 
3; 3.680000 
4; 3.739000 
5; 3.689000 
6; 3.684000 
7; 3.680000 
8; 3.683000 
9; 3.706000 
speakers number: 98 
0; 3.238000 
1; 3.515000 
2; 3.756000 
3; 3.791000 
4; 3.795000 
5; 3.763000 
6; 3.777000 
7; 3.760000 
8; 3.759000 
9; 3.760000 
speakers number: 100 
0; 3.309000 
1; 3.616000 
2; 3.836000 
3; 3.870000 
4; 3.832000 
5; 3.837000 
6; 3.835000 
7; 3.838000 
8; 3.837000 
9; 3.838000 
